Treino 01
Resultado pós: [[0., 0., 1.]], [1., 0., 0.]], [0., 0., 1.]], [0., 1., 0.]], [0., 0., 1.]], [1., 0., 0.]], [0., 1., 0.]], [0., 1., 0.]], [1., 0., 0.]], [1., 0., 0.]], [0., 1., 0.]], [1., 0., 0.]], [0., 0., 1.]], [0., 0., 1.]], [0., 0., 1.]], [1., 0., 0.]], [0., 0., 1.]], [0., 1., 0.]]]
Resultado pré: [[0.00000914, 0.0241776 , 0.98444103]], [0.99955382, 0.00112671, 0.00000172]], [0.00000908, 0.02695143, 0.98340312]], [0.01745419, 0.88565234, 0.00591799]], [0.00004534, 0.21378306, 0.85592995]], [0.92356577, 0.1338624 , 0.00004419]], [0.0049522 , 0.90787226, 0.01867321]], [0.00167319, 0.89505601, 0.05369862]], [0.96911206, 0.07004966, 0.00002117]], [0.99457558, 0.01183577, 0.00000771]], [0.00154656, 0.8775915 , 0.05890287]], [0.98285507, 0.0349376 , 0.00001672]], [0.00000515, 0.01526448, 0.99201873]], [0.0000073 , 0.02290768, 0.9876953 ]], [0.00000446, 0.01099623, 0.99391508]], [0.99101324, 0.02305272, 0.00001025]], [0.00011289, 0.2550772 , 0.70240261]], [0.00444809, 0.88169404, 0.02286671]]]
Resultado acertos: [1. 1. 1. 1. 1. 1. 1. 1. 1. 1. 1. 1. 1. 1. 1. 1. 1. 1.]]

Treino 02
Resultado pós: [[0., 0., 1.]], [1., 0., 0.]], [0., 0., 1.]], [0., 1., 0.]], [0., 0., 1.]], [1., 0., 0.]], [0., 1., 0.]], [0., 1., 0.]], [1., 0., 0.]], [1., 0., 0.]], [0., 1., 0.]], [1., 0., 0.]], [0., 0., 1.]], [0., 0., 1.]], [0., 0., 1.]], [1., 0., 0.]], [0., 0., 1.]], [0., 1., 0.]]]
Resultado pré: [[0.00000389, 0.02465014, 0.98370452]], [0.99944608, 0.00253706, 0.00000183]], [0.00000353, 0.03131557, 0.98488892]], [0.01110631, 0.88442452, 0.00831698]], [0.00002467, 0.22480749, 0.85214832]], [0.92398946, 0.11636113, 0.00004469]], [0.00384357, 0.89945236, 0.01695953]], [0.00137133, 0.87707575, 0.04472271]], [0.97179762, 0.06222675, 0.00002159]], [0.99385336, 0.01263732, 0.00000961]], [0.00117144, 0.85391808, 0.05177487]], [0.98290119, 0.03554226, 0.00001569]], [0.00000191, 0.01645696, 0.99305915]], [0.00000327, 0.02234523, 0.9870026 ]], [0.0000015 , 0.01317108, 0.99505323]], [0.99299767, 0.03270981, 0.00000608]], [0.000052  , 0.26756501, 0.7199523 ]], [0.00351668, 0.86059021, 0.01789572]]]
Resultado acertos: [1. 1. 1. 1. 1. 1. 1. 1. 1. 1. 1. 1. 1. 1. 1. 1. 1. 1.]]

Treino 03
Resultado pós: [[[0., 0., 1.]], [[1., 0., 0.]], [[0., 0., 1.]], [[0., 1., 0.]], [[0., 0., 1.]], [[1., 0., 0.]], [[0., 1., 0.]], [[0., 1., 0.]], [[1., 0., 0.]], [[1., 0., 0.]], [[0., 1., 0.]], [[1., 0., 0.]], [[0., 0., 1.]], [[0., 0., 1.]], [[0., 0., 1.]], [[1., 0., 0.]], [[0., 0., 1.]], [[0., 1., 0.]]]
Resultado pré: [[[0.00000201, 0.02270528, 0.9848072 ]], [[0.99967639, 0.00094781, 0.00000027]], [[0.00000197, 0.02855306, 0.9855528 ]], [[0.01320007, 0.87693934, 0.00661214]], [[0.00001674, 0.23556228, 0.8555363 ]], [[0.93608135, 0.11258489, 0.00001782]], [[0.00350941, 0.89668587, 0.01632258]], [[0.00111195, 0.87837902, 0.04700365]], [[0.97524406, 0.05340157, 0.00000805]], [[0.99568237, 0.00864853, 0.00000234]], [[0.00095444, 0.85241686, 0.0528749 ]], [[0.9864873 , 0.02941435, 0.00000483]], [[0.00000091, 0.01480321, 0.99386536]], [[0.00000156, 0.02163884, 0.98856585]], [[0.00000074, 0.01127947, 0.99571464]], [[0.99346551, 0.02244121, 0.00000195]], [[0.00004122, 0.24828976, 0.70418348]], [[0.00292456, 0.85768586, 0.01710072]]]
Resultado acertos: [[1. 1. 1. 1. 1. 1. 1. 1. 1. 1. 1. 1. 1. 1. 1. 1. 1. 1.]]

Treino 04
Resultado pós: [[[0., 0., 1.]], [[1., 0., 0.]], [[0., 0., 1.]], [[0., 1., 0.]], [[0., 0., 1.]], [[1., 0., 0.]], [[0., 1., 0.]], [[0., 1., 0.]], [[1., 0., 0.]], [[1., 0., 0.]], [[0., 1., 0.]], [[1., 0., 0.]], [[0., 0., 1.]], [[0., 0., 1.]], [[0., 0., 1.]], [[1., 0., 0.]], [[0., 0., 1.]], [[0., 1., 0.]]]
Resultado pré: [[[0.00000225, 0.02496934, 0.98674008]], [[0.99933682, 0.00200296, 0.00000332]], [[0.00000199, 0.03021883, 0.98790292]], [[0.01284789, 0.87595383, 0.0074307 ]], [[0.00001709, 0.21466605, 0.85751222]], [[0.92251427, 0.1157592 , 0.00006542]], [[0.00382185, 0.9002313 , 0.01678387]], [[0.00125397, 0.87776545, 0.04451201]], [[0.97073257, 0.06230231, 0.00003282]], [[0.99345671, 0.01183591, 0.00001542]], [[0.00111107, 0.8610186 , 0.05234041]], [[0.9811239 , 0.03453373, 0.00002635]], [[0.00000094, 0.01425499, 0.99486239]], [[0.00000176, 0.02027661, 0.98962984]], [[0.00000071, 0.01129529, 0.99643753]], [[0.9910915 , 0.03219808, 0.00001208]], [[0.00004387, 0.29055419, 0.71371502]], [[0.00350096, 0.87010267, 0.01889027]]]
Resultado acertos: [[1. 1. 1. 1. 1. 1. 1. 1. 1. 1. 1. 1. 1. 1. 1. 1. 1. 1.]]

Treino 05
Resultado pós: [[[0., 0., 1.]], [[1., 0., 0.]], [[0., 0., 1.]], [[0., 1., 0.]], [[0., 0., 1.]], [[1., 0., 0.]], [[0., 1., 0.]], [[0., 1., 0.]], [[1., 0., 0.]], [[1., 0., 0.]], [[0., 1., 0.]], [[1., 0., 0.]], [[0., 0., 1.]], [[0., 0., 1.]], [[0., 0., 1.]], [[1., 0., 0.]], [[0., 0., 1.]], [[0., 1., 0.]]]
Resultado pré: [[[0.0000044 , 0.02532957, 0.98404602]], [[0.9993805 , 0.00145144, 0.00000205]], [[0.00000431, 0.02904541, 0.98437667]], [[0.01898931, 0.89328458, 0.00671468]], [[0.00002948, 0.21393109, 0.85702741]], [[0.92466373, 0.13302016, 0.0000521 ]], [[0.00506195, 0.90689378, 0.01793406]], [[0.00166966, 0.89090464, 0.04869942]], [[0.96643423, 0.06974789, 0.00002892]], [[0.99357486, 0.01286748, 0.00001039]], [[0.00145988, 0.87292072, 0.05591199]], [[0.98147031, 0.03556766, 0.00001947]], [[0.00000221, 0.01610915, 0.99255537]], [[0.00000344, 0.02323105, 0.98745799]], [[0.00000183, 0.01281339, 0.99449717]], [[0.98924522, 0.02315344, 0.00001152]], [[0.00007256, 0.2541882 , 0.71772027]], [[0.00424958, 0.87802681, 0.02066626]]]
Resultado acertos: [[1. 1. 1. 1. 1. 1. 1. 1. 1. 1. 1. 1. 1. 1. 1. 1. 1. 1.]]
