---- Experimento ---- 1

Erro relativo médio: 0.013602467171339422
Variância: 0.0002659980444116478
Histórico erro: [[0.00743713 0.02230656 0.0185498  0.00006499 0.00068229 0.01229043
  0.00304328 0.00802267 0.01861794 0.02822052 0.00023055 0.07024132
  0.00169654 0.00012567 0.01617148 0.03375895 0.0030081  0.01877375
  0.00732584 0.00148153]]
Predições: [0.5035387990439214, 0.15555380402737948, 0.4748976346000536, 0.18053807521647425, 0.7156792882161992, 0.2029377832899804, 0.5017658989276614, 0.17306937008353565, 0.3294475547721014, 0.21271035091650123, 0.5589837534500941, 0.32466919994251403, 0.312410967792412, 0.20978983397918644, 0.19026714543787301, 0.2661638991211273, 0.31124614334702805, 0.6271826519859593, 0.226691113022928, 0.32410934619739185]

---- Experimento ---- 2
Erro relativo médio: 0.0016339775276455314
Variância: 6.065215606525861e-06
Histórico erro: [[0.0059327  0.00069674 0.00146907 0.00041759 0.00001393 0.00643011
  0.00001387 0.00139417 0.00000218 0.00078218 0.00052756 0.00005038
  0.00862006 0.00012668 0.00003035 0.00371974 0.00206145 0.00000722
  0.00029645 0.00008713]]
Predições: [0.49432399101896474, 0.03259576534971877, 0.3770284938448557, 0.16816505394466816, 0.7455326774221684, 0.23361200327982842, 0.44287515674469025, 0.12083854171818871, 0.1944771495689715, 0.4086674999645982, 0.520831414091355, 0.5826020334835215, 0.26075571581788154, 0.23225517306875756, 0.06860868558699437, 0.38891035521619177, 0.30180319636031444, 0.7668878464319624, 0.15831762551071127, 0.37193411618699684]

---- Experimento ---- 3
Erro relativo médio: 0.04243360219844409
Variância: 0.0030716255685385384
Histórico erro: [[0.01089122 0.09594268 0.00144224 0.01870436 0.19409563 0.00064739
  0.01451368 0.05139078 0.01530311 0.0043011  0.04307162 0.06008802
  0.00002577 0.01017986 0.07047255 0.01859725 0.0081624  0.18451027
  0.04467999 0.00165213]]
Predições: [0.31293896871979476, 0.31594615608917426, 0.3007231046424706, 0.3253638826470915, 0.3012371486982702, 0.3392437896099243, 0.3261272637819047, 0.3101953463555676, 0.3167057404870885, 0.315117230024856, 0.33626297839655755, 0.3445714183409383, 0.34852364570063504, 0.3218952686439351, 0.32856666019410685, 0.31352826136968687, 0.3467459813441029, 0.33465341095166723, 0.3524764128510565, 0.32195354265376547]
