---- Experimento ---- 1

Erro relativo médio: 0.030146358203380724
Variância: 0.0010050515606773547
Histórico erro: [[0.02301616 0.04004888 0.04832138 0.00151287 0.0623559  0.00687822
  0.00001451 0.01984581 0.04642722 0.01709512 0.03568667 0.09121078
  0.004782   0.00421356 0.0423157  0.01707503 0.00012104 0.12298573
  0.00765338 0.01136719]]
Predições: [0.5690107908161213, 0.20632216008580087, 0.5585212563696373, 0.22749566602115256, 0.49208836290557556, 0.2308649453680302, 0.4504086520113657, 0.224375165743974, 0.40846976811229224, 0.2499517037749308, 0.35489083385655623, 0.28768877625109085, 0.2844480196592229, 0.28591195986374823, 0.26880779368649094, 0.3192285267566526, 0.26740168224497746, 0.4135067866086202, 0.22858359716962892, 0.4692170443538284]

---- Experimento ---- 2
Erro relativo médio: 0.043020072221206615
Variância: 0.0032342849957243958
Histórico erro: [[0.00996962 0.0964978  0.00064111 0.01927536 0.19069698 0.00011608
  0.01589376 0.05786576 0.01646441 0.0026405  0.05074058 0.06823012
  0.00100939 0.01122179 0.06994548 0.01522019 0.00496172 0.19527727
  0.03211262 0.00162092]]
Predições: [0.31745201853733274, 0.3168409520454325, 0.31337987238840376, 0.32743571853551207, 0.30511135180636806, 0.32457414660043554, 0.3205295447682112, 0.3240530375521139, 0.32131371612644566, 0.3293141974568092, 0.31854330243569484, 0.328491050490417, 0.3218291003122391, 0.3269329554324557, 0.32757207833839574, 0.32652988522945325, 0.32683945217190297, 0.32229812015209003, 0.3202999356526374, 0.32233934675190595]


---- Experimento ---- 3
Erro relativo médio: 0.031392638420681226
Variância: 0.0011453215389535378
Histórico erro: [[0.02946282 0.04804894 0.0551286  0.00314721 0.04851834 0.00473343
  0.00007083 0.02183113 0.03453254 0.01605159 0.04184372 0.09659214
  0.0056219  0.00232817 0.03788999 0.0248765  0.00014704 0.13678434
  0.00998423 0.0102593 ]]
Predições: [0.5889473841585761, 0.22540068267002325, 0.5734948099199937, 0.24470000096342093, 0.5215312015609672, 0.24500005326349478, 0.45501588246724134, 0.23125361228777036, 0.3788293340049205, 0.2540051499913997, 0.33924261227615815, 0.27890724147065893, 0.2786206831304186, 0.26925112148981734, 0.2577535169558598, 0.2921771559737306, 0.2685261456192589, 0.39435633190232106, 0.24102112036669285, 0.4638882030590919]
