---- Experimento ---- 1

Erro relativo médio: 0.025927750814762212
Variância: 0.000726098110385868
Histórico erro: [[0.00903155 0.00239152 0.01900377 0.00219587 0.00604468 0.0423142
  0.00126804 0.00097086 0.02422873 0.0456352  0.04283554 0.09904617
  0.00199726 0.01253055 0.02187979 0.02007374 0.09008404 0.0262781
  0.03617917 0.01456626]]
Predições: [0.3222655527992916, 0.055103173481039984, 0.476554154354117, 0.1417398758045368, 0.8195475476700242, 0.10809583329597594, 0.4109904851853653, 0.05234144604581223, 0.34865579929465185, 0.16707603890867792, 0.7507674762562825, 0.2749839857427339, 0.3982906812123536, 0.10906006394918645, 0.21101818807204709, 0.30821818955084984, 0.5565400266256507, 0.6020947721583396, 0.3313082324964515, 0.24190924824728743]

---- Experimento ---- 2
Erro relativo médio: 0.024274874241185292
Variância: 0.0006923809205078268
Histórico erro: [[0.00970551 0.00223095 0.01210756 0.00200844 0.00445885 0.04239532
  0.00000196 0.00101165 0.0304909  0.03603009 0.03489751 0.10067795
  0.00401964 0.01293999 0.02376304 0.01607301 0.08655083 0.02242847
  0.02555329 0.01815252]]
Predições: [0.31878344319876534, 0.05343289462304848, 0.44873436413411666, 0.14378433886997133, 0.8085746250975897, 0.1078987705755141, 0.445201610665395, 0.05169354628989061, 0.3676164479252228, 0.19088406928199192, 0.7306087485937356, 0.27240211379240614, 0.4170006003775774, 0.10724590623662349, 0.21725265594181953, 0.3231206201801411, 0.5505952267424623, 0.6144386258451398, 0.300953979074547, 0.22786870210350968]

---- Experimento ---- 3
Erro relativo médio: 0.024634264670858632
Variância: 0.0006941176847828566
Histórico erro: [[0.00978343 0.00391008 0.02184752 0.00054237 0.00850583 0.03088168
  0.00002992 0.00016392 0.02478191 0.03071029 0.04414591 0.10575665
  0.0029058  0.0101256  0.01762362 0.02257923 0.08217468 0.03275849
  0.02423257 0.01922579]]
Predições: [0.3183887776774197, 0.06873061522154628, 0.48650907637623, 0.1653111068729605, 0.8340270818143483, 0.13806816428421298, 0.44113025585907434, 0.0706967280390545, 0.3504226988379009, 0.20545648352060786, 0.7539092870686583, 0.2644975199317708, 0.40750549201988173, 0.12037396927388147, 0.19585397653629005, 0.29963613647103055, 0.5430612642285603, 0.5832069387689345, 0.29676812939973823, 0.22394289945700824]
